343001
343082
343108
343040
343092
343087
343038
343072
343021
343034
343126
343061
343014
343005
343009
343083
343096
343116
343074
343099
343000
343006
343026
343104
343122
343123
343121
343028
343081
343003
343030
343151
343110
343037
343016
343114
343041
343063
343054
343093
343075
342998
343153
343097
343086
343011
343133
343024
343033
343124
343102
343073
343128
343015
343004
343079
343023
343131
343044
343094
343144
343150
343118
343135
343106
343060
343111
343025
343050
343013
343140
343130
343138
343115
343045
343100
343049
343048
343101
343052
343159
343129
343157
343161
343008
343103
343035
343155
343066
343084
343132
343022
343142
343105
343070
343098
343127
343012
343032
343141
343078
343146
343112
343053
343088
343058
343002
343077
343039
343065
343145
343095
343069
343017
343055
343113
343154
343143
343029
343080
343064
343076
343047
342999
343120
343109
343147
343068
343089
343067
343057
343119
343137
343117
343107
343125
343152
343085
343062
343042
343149
343036
343043
343010
343134
343059
343018
343051
343071