343036
343043
343062
343149
343042
343152
343085
343125
343107
343059
343018
343134
343010
343038
343087
343040
343037
343034
343072
343021
343110
343030
343028
343122
343123
343126
343005
343009
343083
343096
343116
343074
343099
343026
343104
343016
343041
343114
343063
343054
343075
342998
343093
343011
343097
343153
343086
343133
343024
343033
343124
343102
343128
343073
343004
343079
343023
343094
343131
343044
343144
343150
343135
343076
343137
343117
343047
342999
343120
343109
343057
343147
343067
343089
343068
343049
343013
343140
343130
343045
343138
343115
343095
343069
343002
343077
343039
343065
343145
343017
343055
343058
343113
343143
343029
343106
343025
343111
343050
343101
343052
343159
343103
343155
343161
343080
343064
343108
343000
343051
343015