343051
343108
343040
343092
343038
343087
343072
343021
343034
343126
343005
343014
343061
343009
343026
343104
343000
343006
343096
343116
343074
343099
343083
343028
343122
343123
343121
343030
343003
343081
343151
343110
343037
343016
343041
343114
343063
343054
343093
343075
342998
343153
343097
343086
343011
343133
343024
343033
343124
343102
343128
343073
343015
343004
343079
343023
343094
343044
343131
343144
343150
343135
343118
342999
343109
343120
343049
343101
343048
343140
343130
343045
343115
343138
343013
343052
343159
343157
343103
343008
343161
343155
343035
343106
343025
343060
343111
343050
343077
343039
343002
343065
343145
343095
343069
343017
343055
343058
343113
343143
343154
343029
343080
343064
343076
343047
343117
343057
343067
343089
343068
343147
343137
343043
343036
343062
343149
343042
343152
343085
343125
343107
343134
343010
343018
343059