344846
344759
344809
344753
344757
344678
344685
344770
344812
344732
344771
344755
344801
344863
344709
344713
344690
344728
344834
344779
344858
344869
344808
344813
344865
344848
344684
344786
344760
344798
344675
344677
344707
344772
344781
344720
344824
344821
344694
344794
344842
344843
344717
344704
344731
344686
344735
344857
344828
344804
344743
344737
344825
344723
344831
344789
344691
344787
344696
344839
344715
344810
344820
344791
344726
344867
344790
344700
344769
344748
344699
344722
344765
344850
344870
344716
344701
344721
344773
344749
344764
344861
344708
344739
344826
344738
344830
344718
344747
344744
344815
344754
344874
344729
344793
344736
344719
344697
344730
344710
344822
344745
344778
344706
344705
344814
344799
344763
344827
344761
344776
344780
344845
344782
344783
344832
344712
344711
344784
344816
344725
344844
344775
344849
344758
344852
344788
344679
344800
344676
344688
344796
344740
344692
344742
344841
344682
344702
344795
344724
344762
344687
344741
344750
344792
344680
344838
344802
344714
344767
344766
344703
344805
344847