7
6
5
109
4
2
3
0
1
110
9
13
12
11
10
8
14
15
23
22
21
24
25
27
107
26
108
28
16
18
17
20
19
29
31
30
32
33
38
34
35
41
36
37
39
40
42
43
46
47
44
45
50
48
49
54
51
52
53
55
56
57
153
59
58
113
60
61
62
114
139
115
97
98
127
96
128
94
95
93
129
130
131
132
86
87
85
89
88
90
91
92
84
83
138
82
80
81
63
69
111
64
65
66
68
67
70
71
72
74
73
136
135
133
134
75
76
77
101
137
104
102
105
103
79
116
126
125
123
124
145
144
143
142
141
140
121
122
120
119
118
117
100
99
106
78
112
148
149
154
150
147
152
151
146