344732
344771
344755
344770
344812
344685
344757
344678
344753
344759
344809
344834
344728
344690
344713
344709
344863
344801
344779
344858
344869
344808
344813
344865
344684
344786
344798
344760
344677
344675
344772
344707
344781
344720
344821
344824
344694
344794
344842
344843
344717
344704
344731
344686
344735
344857
344828
344804
344743
344737
344825
344723
344831
344789
344691
344696
344787
344839
344810
344715
344820
344726
344791
344867
344700
344790
344769
344748
344699
344722
344765
344850
344870
344701
344749
344764
344861
344708
344739
344721
344830
344738
344826
344718
344744
344747
344714
344802
344815
344754
344729
344874
344697
344719
344736
344793
344682
344702
344687
344741
344792
344750
344680
344838
344711
344784
344816
344725
344844
344712
344832
344783
344679
344788
344852
344800
344676
344688
344796
344740
344692
344742
344841