344809
344759
344753
344678
344757
344685
344812
344770
344755
344732
344771
344801
344834
344863
344728
344690
344713
344709
344779
344858
344720
344821
344824
344794
344694
344813
344865
344808
344869
344781
344707
344772
344798
344786
344684
344842
344717
344843
344704
344731
344735
344857
344804
344743
344686
344737
344825
344828
344723
344831
344696
344787
344789
344691
344810
344715
344839
344791
344726
344867
344820
344700
344790
344769
344722
344748
344765
344850
344870
344699
344701
344749
344764
344861
344708
344739
344721
344738
344830
344718
344744
344747
344826
344714
344815
344802
344754
344841
344682
344687
344741
344750
344792
344680
344838
344816
344844
344725
344711
344784
344712
344832
344783
344679
344852
344788
344800
344676
344688
344796
344740
344692
344702
344729
344697
344719
344736
344874
344793
344742
344677
344675
344760