347989
347999
347901
347900
347971
348022
347983
347997
347966
347916
348027
347972
348041
347990
347968
347904
348031
347992
347894
348039
347973
347935
348007
348025
347964
348050
348051
347962
347897
347928
347915
347917
347995
347906
347967
348018
348029
348011
347934
348023
347942
348010
348065
347925
347991
347947
348046
348014
347998
347909
348021
347914
348034
348035
347908
347921
348019
347932
347950
348040
347965
347933
347956
347975
347969
347943
348017
347953
347952
347982
347987
348038
347919
347902
347963
347946
348037
347949
347988
347910
347920
348009
347944
347899
348008
347913
347938
348036
347924
347980
348006
347905
347976
347993
347960
348032
347937
347893
348002
347959
348033
348013
347985
347927
347939
347931
347996
348003
347911
347941
348016
347994
348020
348000
347929
347981
347955
348042
347930
347979
347948
348052
347986
348026
347903
347898
347895