347989
347999
347901
347900
348022
347983
347971
347997
347966
347916
347972
347990
347968
347904
348031
348027
348041
347992
348039
347973
347935
348051
347894
347962
347897
347903
347898
347895
347995
347906
347915
347928
347917
348050
348025
347964
348007
347967
348018
348029
348011
347942
347934
348023
348010
348065
347991
347925
347947
348046
347998
347909
348021
348034
348035
347908
347921
348019
347932
347914
348014
347950
348040
347953
348017
347943
347965
347933
347956
347969
347975
348037
347946
347963
347982
347987
347952
348038
347919
347902
347988
347910
347920
347944
347924
347980
348036
347938
347913
347899
348008
348009
348006
347905
347949
347976
347960
347993
348052
347979
347948
347937
347893
348002
347959
348033
348013
347985
347939
347927
347931
347996
347911
348003
347941
348016
348000
348020
347994
347929
348042
347981
347955
347930
347986
348026
348032
347977