346599
346616
346532
346589
346535
346644
346585
346558
346496
346569
346577
346543
346588
346573
346511
346556
346626
346516
346587
346544
346551
346598
346562
346519
346557
346583
346501
346610
346611
346502
346597
346625
346548
346542
346550
346570
346510
346554
346582
346575
346622
346559
346624
346497
346590
346592
346545
346536
346523
346614
346533
346527
346596
346581
346524
346530
346630
346635
346495
346508
346512
346609
346584
346632
346633
346647
346628
346580
346615
346604
346522
346601
346504
346612
346605
346578
346603
346637
346593
346539
346623
346636
346595
346503
346513
346627
346639
346534
346529
346499
346517
346541
346518
346526
346506
346567
346629
346631
346594
346546
346561
346634
346602
346509
346606
346549
346619
346646
346498
346553
346586
346579
346565
346568
346514
346515
346648
346617
346507
346608
346620
346494
346500
346505
346540
346528
346563
346564
346643