346591
346532
346616
346589
346644
346558
346535
346585
346569
346496
346577
346543
346588
346573
346599
346556
346516
346626
346511
346551
346587
346544
346502
346625
346597
346542
346548
346570
346550
346520
346554
346510
346540
346505
346500
346494
346620
346528
346582
346564
346563
346643
346501
346611
346610
346583
346562
346557
346519
346598
346575
346622
346497
346590
346559
346624
346592
346545
346536
346523
346530
346596
346524
346581
346533
346614
346527
346630
346635
346495
346508
346609
346512
346633
346628
346647
346580
346615
346632
346584
346604
346504
346601
346612
346605
346522
346578
346513
346539
346595
346623
346636
346503
346593
346637
346603
346627
346639
346618
346534
346529
346514
346568
346648
346515
346552
346608
346507
346617
346579
346565
346586
346574
346607
346531
346555
346525
346537
346621
346521
346566
346538
346571
346499
346517
346541
346594
346546
346613
346526
346518
346506
346629
346567
346631
346561
346646
346498
346553
346634
346619
346606
346549
346509
346602
346560
346638
346547
346576
346600
346572