346599
346616
346532
346589
346644
346535
346585
346558
346496
346577
346569
346543
346588
346573
346626
346516
346556
346511
346622
346497
346590
346559
346624
346592
346545
346536
346523
346530
346596
346581
346524
346533
346614
346527
346630
346635
346495
346502
346597
346625
346550
346570
346510
346554
346620
346494
346500
346505
346540
346528
346563
346564
346582
346643
346542
346548
346610
346611
346501
346519
346557
346562
346583
346598
346508
346512
346609
346633
346628
346647
346580
346615
346632
346584
346604
346601
346504
346612
346605
346522
346578
346627
346639
346534
346529
346568
346514
346648
346515
346608
346617
346507
346517
346499
346541
346518
346526
346506
346567
346629
346631
346594
346546
346561
346619
346606
346549
346602
346509
346634
346553
346646
346498
346586
346565
346579
346603
346637
346593
346539
346595
346623
346636
346503
346513
346575
346544
346587
346551