347281
347337
347351
347363
347287
347336
347367
347407
347399
347375
347296
347368
347314
347406
347294
347385
347369
347380
347364
347309
347310
347319
347413
347335
347295
347358
347329
347396
347419
347361
347311
347355
347284
347374
347312
347328
347291
347321
347341
347360
347370
347278
347347
347340
347392
347417
347384
347357
347317
347303
347382
347282
347377
347320
347323
347333
347280
347345
347403
347279
347327
347409
347362
347290
347414
347302
347401
347398
347412
347397
347402
347410
347400
347387
347313
347404
347326
347289
347388
347359
347394
347365
347298
347405
347348
347371
347305
347318
347339
347307
347306
347322
347286