347337
347351
347399
347367
347336
347363
347287
347375
347296
347368
347314
347406
347385
347294
347326
347289
347404
347333
347280
347362
347290
347345
347403
347279
347283
347323
347366
347388
347359
347346
347308
347299
347390
347350
347391
347381
347393
347343
347285
347349
347356
347315
347369
347380
347364
347309
347295
347358
347292
347396
347329
347293
347318
347339
347307
347342
347331
347379
347320
347377
347378
347306
347322
347305
347332
347316
347300
347297
347324
347334
347301
347371
347365
347394
347286
347400
347387
347398
347401
347325
347327
347397
347402
347302
347389
347372
347313
347298
347405
347348
347338
347335
347319
347310
347392
347340
347373
347344
347357
347384
347317
347303
347382
347360
347370
347278
347347
347321
347341
347328
347291
347312
347311
347361
347355
347284
347374
347353
347282
347330
347395
347281