347337
347351
347363
347287
347336
347367
347407
347399
347375
347368
347296
347314
347406
347294
347385
347401
347398
347412
347410
347387
347400
347409
347280
347327
347279
347403
347345
347362
347290
347323
347333
347414
347404
347289
347326
347359
347388
347369
347380
347364
347309
347413
347335
347319
347310
347392
347340
347417
347357
347384
347317
347303
347382
347370
347360
347278
347347
347374
347312
347311
347361
347355
347284
347328
347291
347321
347341
347306
347378
347330
347418
347373
347344
347353
347282
347320
347377
347295
347395
347286
347402
347397
347302
347313
347389
347394
347365
347298
347405
347348
347371
347301
347334
347297
347324
347338
347358
347292
347293
347329
347396
347318
347339
347307
347331
347342
347379
347322
347305
347316
347300
347332
347356
347416
347349
347393
347343
347285
347315
347381
347391
347390
347350
347308
347299
347415
347346
347281