347281
347369
347380
347364
347309
347319
347335
347413
347295
347358
347396
347329
347419
347361
347311
347355
347284
347374
347312
347328
347291
347321
347341
347370
347360
347278
347347
347303
347382
347317
347340
347392
347357
347384
347417
347282
347377
347320
347286
347401
347398
347412
347410
347400
347313
347289
347326
347404
347414
347409
347280
347345
347403
347279
347327
347290
347362
347333
347323
347302
347387
347337
347351
347363
347287
347407
347367
347336
347399
347375
347368
347296
347314
347406
347294
347385
347402
347397
347359
347388
347394
347365
347298
347405
347348
347371
347305
347339
347307
347306
347322
347318
347310