348342
348419
348433
348324
348471
348369
348443
348473
348447
348416
348421
348323
348405
348360
348435
348393
348461
348418
348415
348422
348448
348409
348378
348440
348456
348389
348452
348462
348394
348387
348384
348364
348431
348374
348325
348451
348427
348467
348466
348425
348429
348484
348347
348459
348454
348487
348366
348340
348426
348388
348341
348460
348408
348428
348361
348407
348420
348396
348332
348423
348367
348354
348334
348350
348424
348411
348337
348434
348499
348339
348397
348382
348395
348333
348404
348352
348441
348343
348371
348445
348326
348383
348497
348321
348380
348368
348406
348338
348477
348365
348398
348362
348348
348417
348468
348414
348319
348402
348351
348401
348363
348410
348379
348353
348399
348430
348432
348359
348465
348370
348355
348474
348356
348349
348500
348475
348438
348449
348377
348381
348439
348450
348357
348455
348436
348412
348446
348322
348345
348344
348385
348330
348453
348476
348470
348320
348403
348464
348376
348390
348329
348373
348372
348327
348346
348375
348498
348413
348358
348335
348472
348469
348486
348437
348392
348391