348435
348360
348405
348421
348323
348416
348447
348473
348471
348369
348443
348324
348433
348419
348393
348339
348333
348395
348382
348397
348398
348365
348477
348348
348362
348497
348321
348380
348368
348383
348406
348338
348445
348326
348441
348343
348371
348404
348352
348461
348418
348415
348422
348448
348440
348378
348409
348456
348389
348452
348462
348394
348384
348387
348364
348431
348499
348434
348337
348424
348411
348334
348350
348354
348367
348423
348332
348396
348361
348407
348420
348428
348408
348460
348451
348427
348467
348466
348425
348429
348484
348347
348454
348459
348426
348366
348487
348388
348341
348327
348500
348475
348438
348449
348377
348439
348450
348381
348349
348356
348355
348474
348357
348455
348446
348322
348436
348412
348344
348345
348385
348330
348453
348476
348320
348470
348370
348376
348464
348403
348329
348373
348430
348498
348375
348346
348335
348358
348413
348469
348472
348392
348486
348437
348391