348360
348405
348421
348323
348416
348447
348471
348473
348369
348443
348324
348433
348419
348435
348393
348348
348339
348395
348397
348333
348382
348404
348352
348371
348343
348441
348365
348477
348398
348445
348326
348383
348338
348461
348418
348422
348415
348448
348440
348378
348409
348452
348456
348389
348462
348394
348384
348387
348364
348431
348337
348499
348434
348424
348411
348334
348350
348354
348367
348423
348332
348396
348420
348361
348407
348428
348408
348460
348451
348427
348467
348466
348425
348429
348484
348347
348358
348469
348472
348391
348392
348486
348437
348454
348335
348413
348459
348500
348381
348439
348450
348449
348438
348377
348475
348349
348356
348474
348355
348357
348455
348322
348446
348436
348412
348345
348344
348476
348385
348330
348453
348470
348320
348370
348464
348376
348403
348329
348373
348327
348498
348375
348346
348366
348388
348341
348487
348426
348497
348321
348380
348368
348406
348362