347047
346986
346968
346935
346918
346984
347011
347004
346958
346952
347030
346937
346924
346985
347025
346987
346927
346926
346978
346943
346934
347028
346920
347007
346960
347002
346936
346925
347009
347018
347048
347013
346979
347021
347040
346992
347049
346944
347023
347044
346983
346939
347027
347032
347019
347017
346998
347035
346916
346942
346919
346974
346977
347026
346999
346948
347045
347014
347001
346956
346914
347065
347064
347006
347066
347022
346928
346964
346953
346930
346954
346988
346973
347029
346995
346932
346923
346994
347041
346945
347033
346997
346931
347038
347016
346996
346982
346915
347005
347020
346970
346965
346961
346940
347050
346921
347031
347012
346959