347008
346968
346984
346935
346918
347024
347011
347004
346986
347047
347037
346958
346952
347030
346937
346924
346985
346962
346950
346946
347012
346989
346966
347025
346927
346987
346920
347007
347009
346976
346917
346922
346933
346938
347018
346925
346936
347002
346959
346960
347028
346934
346943
346978
346926
347048
347013
346979
347021
347040
346992
346957
347049
346944
347023
347044
346983
347027
346939
347019
347032
346916
346919
347026
346977
346974
346942
346998
347035
347017
346999
346948
347045
347014
347001
347022
346956
347006
346941
346914
347003
346955
346928
346930
346953
346964
346954
346940
347050
346972
346973
346995
346932
347029
346923
346994
346945
347033
347041
346996
346982
346993
347016
347038
346931
346997
346967
347043
346981
346963
347000
346971
347046
347042
347036
346951
347015
346947
346991
346969
346929
346915
346970
347020
347005
346965
346961
346988
346921
347031
347034
346975
346990
346949