342202
342279
342145
342229
342136
342133
342276
342270
342248
342277
342268
342183
342258
342200
342221
342197
342179
342144
342243
342241
342129
342272
342176
342264
342211
342154
342222
342174
342146
342163
342205
342232
342266
342201
342250
342247
342208
342284
342257
342269
342220
342164
342157
342225
342170
342175
342274
342143
342261
342237
342219
342206
342255
342138
342165
342155
342217
342184
342169
342172
342251
342213
342127
342278
342128
342224
342196
342139
342132
342161
342246
342159
342125
342181
342282
342162
342141
342148
342142
342235
342204
342191
342171
342140
342198
342149
342195
342226
342231
342236
342153
342152
342135
342254
342301
342188
342253
342265
342215
342182
342186
342166
342256
342249
342233
342252
342259
342173
342234
342189
342275
342151
342287
342289
342228
342131
342260