342150
342202
342268
342279
342145
342229
342136
342244
342133
342248
342276
342270
342277
342200
342183
342263
342130
342258
342228
342221
342203
342197
342129
342272
342154
342131
342174
342222
342176
342211
342264
342241
342243
342144
342179
342146
342156
342163
342205
342232
342266
342284
342201
342250
342192
342247
342208
342257
342269
342220
342164
342157
342225
342170
342175
342127
342196
342139
342262
342278
342128
342224
342132
342161
342246
342239
342148
342142
342235
342151
342289
342287
342172
342251
342217
342184
342169
342155
342165
342138
342255
342260
342261
342274
342143
342245
342219
342237
342206
342213
342187
342204
342191
342171
342140
342198
342149
342231
342226
342195
342236
342153
342152
342209
342207
342223
342283
342185
342301
342254
342135
342253
342265
342188
342186
342182
342215
342166
342256
342249
342233
342252
342259
342173
342234
342189
342275
342230
342194
342238
342199
342210
342216
342168
342167
342227
342218
342212
342137
342181
342282
342125
342159
342141
342162
342214
342193
342267
342190
342178
342126