342150
342268
342202
342145
342279
342136
342229
342133
342244
342276
342248
342270
342277
342130
342258
342263
342177
342183
342200
342228
342221
342203
342197
342129
342272
342154
342131
342222
342174
342264
342211
342176
342243
342241
342144
342160
342179
342156
342146
342274
342261
342260
342255
342138
342217
342251
342172
342169
342184
342165
342155
342206
342237
342219
342143
342245
342170
342225
342164
342157
342220
342284
342257
342269
342208
342247
342192
342201
342250
342266
342232
342205
342163
342175
342127
342196
342139
342278
342262
342128
342224
342132
342246
342161
342193
342207
342209
342223
342283
342185
342188
342265
342253
342301
342135
342254
342152
342153
342236
342231
342195
342226
342149
342198
342230
342194
342238
342234
342275
342189
342173
342186
342182
342215
342166
342256
342233
342249
342252
342259
342218
342227
342168
342167
342216
342210
342199
342212
342137
342213
342187
342204
342140
342171
342191
342239
342148
342142
342235
342289
342151
342287
342282
342181
342125
342159
342214
342162
342141
342190
342267
342178
342126