346201
346192
346154
346111
346132
346153
346095
346168
346063
346125
346167
346062
346124
346165
346108
346203
346218
346139
346094
346072
346074
346061
346156
346083
346059
346150
346166
346187
346105
346103
346190
346188
346080
346077
346106
346206
346087
346155
346169
346151
346162
346102
346092
346100
346135
346101
346199
346120
346117
346176
346138
346128
346160
346141
346157
346208
346193
346076
346215
346163
346134
346232
346073
346175
346098
346060
346198
346234
346137
346067
346171
346082
346146
346144
346233
346184
346158
346066
346113
346089
346147
346096
346177
346205
346182
346152
346143
346126
346110
346183
346145
346136
346114
346196
346179
346191
346081
346070
346197
346091
346075
346209
346180
346220
346121
346130
346122
346069
346104
346174
346112
346217
346133
346079
346090
346164
346118
346149
346127
346084
346185
346099
346093
346178
346140
346123
346085
346107
346172
346173
346181
346161
346109
346189
346194
346186
346214
346071
346088
346119
346148
346078
346129
346065
346086
346142
346159
346204
346207
346097
346195
346116
346068