346201
346154
346192
346111
346132
346153
346095
346168
346125
346167
346062
346124
346063
346165
346218
346108
346203
346106
346077
346080
346188
346190
346103
346105
346187
346061
346156
346059
346150
346166
346072
346074
346094
346157
346141
346160
346101
346120
346199
346117
346176
346128
346138
346135
346100
346092
346155
346169
346151
346102
346162
346087
346206
346208
346076
346193
346215
346163
346134
346232
346073
346175
346098
346060
346198
346234
346137
346067
346082
346096
346177
346071
346214
346186
346127
346084
346090
346164
346118
346149
346185
346178
346140
346123
346194
346109
346189
346181
346161
346172
346173
346107
346085
346179
346191
346070
346197
346091
346196
346075
346152
346182
346205
346233
346144
346146
346110
346126
346183
346145
346136
346143
346114
346209
346180
346088
346220
346121
346065
346130
346122
346104
346174
346112
346217
346133
346069
346086
346129
346078
346148