346192
346154
346111
346132
346153
346095
346168
346165
346063
346125
346167
346062
346124
346203
346108
346094
346077
346106
346080
346103
346105
346188
346190
346187
346072
346074
346061
346156
346150
346166
346157
346160
346135
346141
346101
346199
346120
346117
346176
346128
346138
346155
346169
346151
346102
346162
346206
346087
346092
346100
346208
346076
346193
346215
346163
346134
346175
346098
346234
346137
346067
346060
346198
346146
346144
346233
346205
346152
346182
346114
346143
346110
346126
346183
346145
346136
346091
346070
346191
346179
346197
346196
346075
346209
346180
346088
346078
346148
346065
346177
346071
346214
346186
346178
346194
346140
346123
346172
346173
346181
346161
346109
346189
346107
346085
346185
346127
346084
346149
346164
346090
346118
346217
346112
346174
346133
346104
346069
346130
346122
346086
346121
346220
346129
346096
346082
346218
346059
346201
346232
346073