345679
345671
345767
345726
345731
345764
345702
345705
345733
345700
345800
345697
345693
345770
345673
345676
345816
345792
345684
345737
345725
345768
345734
345717
345727
345695
345666
345681
345682
345685
345763
345696
345710
345753
345703
345750
345722
345686
345799
345730
345769
345757
345744
345784
345715
345778
345719
345708
345741
345803
345779
345675
345748
345785
345674
345788
345668
345692
345758
345732
345670
345664
345771
345677
345713
345709
345793
345774
345759
345751
345704
345689
345736
345776
345728
345691
345701
345742
345724
345766
345775
345773
345698
345782
345706
345735
345690
345762
345665
345672
345743
345783
345786
345688
345802
345669
345740
345694
345787
345678
345729
345745
345806
345716
345777
345772
345780
345712
345746
345739
345721
345707
345718
345747
345749
345761
345781
345723
345798
345752
345687
345680
345794
345711
345720
345683
345760
345765
345667
345714
345738