345679
345671
345726
345767
345731
345764
345702
345705
345733
345700
345800
345697
345770
345683
345720
345711
345673
345816
345676
345684
345792
345725
345768
345737
345717
345710
345703
345753
345750
345799
345769
345730
345757
345744
345784
345715
345778
345719
345708
345741
345803
345779
345680
345752
345798
345723
345761
345781
345749
345747
345718
345707
345721
345739
345746
345712
345780
345777
345772
345668
345692
345758
345670
345732
345664
345771
345677
345713
345709
345759
345774
345793
345728
345776
345736
345704
345689
345751
345691
345701
345724
345742
345698
345773
345775
345766
345782
345706
345735
345690
345762
345665
345672
345743
345786
345688
345802
345694
345740
345669
345787
345678
345729
345806
345745
345716
345788
345674
345785
345748
345675
345794
345765
345760
345667
345714
345738