345679
345671
345726
345767
345731
345733
345700
345705
345702
345764
345800
345770
345765
345794
345720
345683
345760
345711
345750
345703
345753
345676
345673
345816
345710
345768
345792
345684
345737
345799
345730
345769
345757
345744
345784
345715
345778
345719
345708
345741
345803
345779
345680
345749
345798
345752
345723
345761
345781
345718
345707
345721
345739
345746
345712
345780
345777
345772
345788
345674
345785
345675
345748
345802
345694
345669
345740
345691
345728
345751
345736
345776
345689
345704
345701
345698
345773
345775
345742
345724
345766
345706
345735
345690
345762
345665
345743
345786
345688
345668
345692
345758
345670
345732
345664
345771
345709
345793
345774
345759
345677
345713
345678
345745
345716
345806
345729
345697
345717
345725
345667
345747