342723
342631
342635
342636
342686
342653
342660
342698
342647
342567
342572
342570
342605
342587
342593
342697
342578
342695
342588
342661
342591
342705
342692
342637
342576
342609
342586
342724
342683
342678
342680
342729
342583
342717
342726
342638
342704
342658
342648
342563
342694
342602
342569
342615
342651
342634
342607
342625
342709
342656
342645
342597
342603
342688
342730
342595
342664
342643
342606
342571
342584
342574
342662
342720
342579
342679
342676
342566
342687
342581
342620
342618
342667
342598
342668
342682
342701
342714
342672
342719
342642
342727
342596
342628
342703
342708
342582
342614
342696
342670
342674
342616
342666
342716
342608
342589
342684
342575
342644
342639
342604
342601
342622
342689
342707
342630
342649
342702
342580
342613
342700
342633
342712
342629
342655
342590
342654
342611
342690
342663
342594
342626
342691
342650
342673
342652
342665
342627
342731
342722
342640
342699