342657
342723
342686
342636
342635
342631
342653
342660
342698
342567
342647
342572
342570
342588
342695
342578
342697
342593
342587
342605
342692
342661
342705
342591
342634
342724
342680
342681
342683
342678
342717
342583
342651
342726
342648
342638
342704
342658
342602
342563
342694
342615
342569
342729
342586
342609
342576
342637
342662
342574
342584
342571
342597
342664
342595
342643
342606
342645
342656
342709
342688
342730
342603
342625
342607
342720
342679
342579
342676
342566
342687
342581
342598
342667
342620
342618
342714
342672
342719
342701
342682
342668
342621
342642
342727
342596
342628
342708
342703
342582
342696
342614
342670
342674
342616
342666
342716
342589
342608
342619
342684
342575
342610
342624
342671
342623
342644
342713
342617
342600
342565
342599
342633
342712
342690
342663
342654
342611
342655
342590
342629
342669
342646
342585
342700
342601
342622
342689
342707
342630
342649
342613
342580
342702
342604
342639
342691
342650
342594
342626
342673
342652
342710
342562
342711
342706
342721
342693
342641
342731
342627
342665
342640
342722
342699
342573
342612