145
2
3
5
4
6
7
8
9
1
11
10
18
17
16
15
13
14
12
116
19
20
22
24
23
26
25
27
118
29
33
32
117
30
31
28
21
34
35
37
39
38
36
45
40
42
41
43
44
47
46
48
49
144
69
62
61
60
63
66
67
65
64
59
58
57
52
55
56
53
54
51
151
150
149
148
152
154
146
147
50
73
72
70
71
77
74
75
76
78
79
80
81
68
143
114
115
135
134
137
136
140
141
139
138
142
132
131
133
97
98
100
101
102
103
99
128
130
129
96
87
88
89
90
91
92
95
94
93
86
85
112
113
107
104
105
106
121
120
119
124
125
126
127
123
122
82
83
111
108
110
109
84
0