342636
342723
342570
342567
342647
342572
342698
342660
342653
342631
342635
342588
342578
342695
342605
342587
342697
342593
342591
342705
342634
342692
342637
342576
342678
342729
342724
342583
342651
342704
342569
342615
342658
342648
342607
342625
342709
342688
342603
342730
342597
342664
342595
342643
342606
342656
342584
342571
342574
342662
342727
342720
342687
342579
342679
342566
342676
342581
342618
342620
342667
342598
342668
342714
342682
342701
342672
342719
342608
342642
342703
342708
342628
342596
342614
342696
342670
342582
342674
342616
342666
342716
342652
342673
342699
342639
342604
342601
342622
342689
342707
342630
342649
342613
342580
342702
342700
342633
342712
342629
342590
342655
342611
342654
342663
342690
342594
342626
342627
342722
342731
342665
342691
342650
342684
342575
342661
342563
342726