341705
341762
341721
341837
341755
341712
341759
341817
341704
341807
341731
341777
341776
341810
341822
341717
341728
341811
341760
341862
341805
341814
341710
341809
341746
341709
341749
341802
341861
341765
341833
341719
341841
341828
341772
341827
341793
341743
341823
341757
341838
341824
341784
341796
341836
341842
341835
341735
341783
341716
341808
341846
341750
341788
341806
341829
341723
341804
341726
341794
341834
341821
341727
341856
341778
341813
341789
341852
341767
341832
341815
341751
341761
341812
341843
341713
341792
341816
341766
341722
341850
341781
341848
341795
341708
341799
341798
341847
341787
341745
341790
341859
341825
341770
341734
341855
341853
341753
341785
341819
341780
341736
341732
341782
341854
341714
341747
341826
341851
341866
341820
341724
341764
341797
341730