343855
343805
343908
343875
343871
343792
343913
343934
343801
343807
343863
343869
343897
343870
343816
343959
343883
343812
343827
343828
343847
343834
343880
343796
343921
343920
343876
343936
343886
343896
343918
343832
343867
343795
343943
343911
343900
343868
343853
343873
343790
343825
343878
343866
343942
343814
343821
343912
343820
343830
343874
343922
343813
343907
343923
343822
343910
343810
343906
343889
343946
343819
343932
343895
343799
343823
343811
343831
343835
343888
343917
343846
343944
343858
343925
343931
343915
343844
343882
343904
343905
343872
343862
343902
343899
343800
343947
343837
343903
343840
343833
343892
343914
343850
343815
343916
343960
343809
343859
343860
343891
343793
343945
343802
343935
343898
343817
343845
343838
343824
343841
343794
343864
343861
343826
343881
343843
343909
343829
343879
343924
343933
343885
343854
343849