343791
343897
343816
343870
343959
343863
343869
343801
343807
343871
343934
343913
343792
343875
343908
343805
343855
343876
343921
343920
343880
343834
343847
343828
343827
343812
343883
343796
343936
343798
343886
343896
343918
343832
343867
343795
343943
343866
343825
343878
343790
343868
343853
343873
343900
343911
343942
343814
343821
343912
343830
343820
343874
343906
343889
343932
343848
343811
343819
343946
343799
343823
343895
343810
343910
343822
343923
343907
343813
343922
343835
343888
343917
343846
343944
343858
343925
343797
343831
343839
343844
343882
343903
343840
343892
343914
343850
343927
343815
343859
343809
343960
343916
343891
343793
343860
343833
343931
343915
343904
343905
343872
343862
343902
343800
343899
343947
343837
343849
343854
343885
343829
343879
343933
343924
343843
343909
343945
343935
343802
343898
343817
343845
343838
343824
343841
343794
343861
343864
343826
343881
343842
343893
343930
343852
343929
343887
343926
343928
343856
343808
343851
343894
343901
343836