343870
343816
343863
343807
343801
343934
343871
343913
343792
343805
343875
343855
343897
343876
343796
343921
343827
343847
343812
343880
343883
343918
343896
343874
343820
343821
343814
343912
343867
343832
343795
343943
343942
343911
343825
343866
343878
343853
343900
343868
343906
343889
343946
343799
343823
343895
343932
343811
343819
343810
343822
343922
343907
343923
343835
343888
343917
343846
343944
343858
343925
343831
343931
343915
343844
343882
343904
343905
343872
343862
343902
343800
343899
343947
343837
343849
343854
343885
343933
343879
343924
343829
343838
343824
343841
343843
343909
343898
343935
343802
343845
343817
343826
343794
343864
343861
343881
343815
343809
343960
343916
343859
343860
343891
343793
343945
343903
343833
343892
343850
343914
343936
343790
343873
343959
343813
343886