347694
347677
347622
347696
347691
347665
347672
347670
347682
347632
347667
347630
347702
347618
347659
347699
347689
347687
347629
347685
347627
347701
347649
347628
347644
347650
347647
347642
347715
347710
347706
347668
347707
347695
347690
347636
347662
347683
347719
347626
347635
347700
347674
347716
347703
347684
347705
347653
347673
347666
347625
347645
347657
347623
347717
347681
347724
347654
347693
347631
347680
347646
347718
347638
347669
347656
347733
347652
347664
347711
347709
347637
347721
347661
347679
347697
347708
347617
347651
347660
347640
347621
347658
347655
347692