347694
347667
347630
347659
347671
347618
347702
347687
347699
347689
347629
347627
347685
347701
347628
347649
347695
347690
347662
347636
347683
347719
347626
347635
347674
347700
347703
347684
347693
347698
347631
347619
347675
347678
347663
347686
347616
347704
347634
347633
347648
347733
347651
347708
347617
347697
347679
347661
347637
347721
347709
347711
347664
347652
347639
347669
347656
347718
347638
347646
347680
347655
347692
347658
347640
347660
347621
347705
347653
347673
347666
347625
347645
347657
347623
347676
347717
347681
347724
347654
347716
347707
347668
347650
347647
347642
347710
347715
347706
347644
347677
347670
347672
347691
347665
347622
347696
347682
347632
347641