345198
345155
345222
345270
345173
345192
345223
345213
345234
345274
345195
345134
345201
345185
345252
345172
345148
345243
345242
345216
345147
345261
345153
345149
345167
345140
345233
345227
345194
345237
345282
345171
345207
345177
345179
345251
345133
345176
345245
345265
345266
345256
345215
345142
345278
345209
345183
345170
345135
345196
345157
345253
345162
345271
345203
345221
345151
345235
345199
345246
345145
345159
345225
345154
345158
345208
345281
345220
345122
345231
345174
345277
345182
345146
345263
345197
345143
345188
345260
345191
345161
345247
345141
345166
345186
345276
345181
345160
345165
345249
345264
345180
345190
345156
345228
345187
345128
345144
345132
345169
345279
345284
345189
345184
345211
345150
345124
345200
345258
345139
345123