345258
345213
345223
345192
345205
345173
345270
345131
345222
345155
345198
345234
345168
345201
345195
345134
345274
345150
345289
345123
345130
345185
345216
345147
345140
345167
345200
345149
345126
345124
345153
345269
345261
345224
345148
345243
345242
345240
345172
345219
345252
345233
345164
345125
345227
345194
345237
345282
345207
345171
345177
345179
345251
345212
345133
345176
345245
345265
345266
345256
345196
345151
345235
345221
345246
345203
345271
345162
345253
345157
345139
345215
345209
345239
345142
345278
345170
345183
345135
345158
345220
345281
345174
345277
345182
345231
345122
345208
345146
345241
345191
345284
345255
345169
345189
345279
345152
345204
345214
345138
345250
345264
345180
345249
345165
345181
345160
345161
345184
345211
345254
345226
345232
345229
345163
345210
345230
345137
345129
345262
345193
345268
345257
345175
345159
345199
345145
345225
345154
345178
345141
345247
345276
345186
345128
345187
345228
345156
345202
345260
345217
345190
345267
345144
345166
345132
345263
345197
345143
345236
345188
345218