344356
344227
344306
344351
344303
344325
344376
344397
344374
344323
344273
344355
344353
344368
344350
344242
344315
344304
344237
344377
344293
344311
344399
344231
344230
344384
344234
344224
344381
344334
344354
344228
344330
344270
344331
344317
344345
344278
344373
344280
344343
344274
344272
344295
344363
344260
344328
344267
344247
344366
344309
344332
344225
344316
344283
344378
344220
344244
344255
344319
344380
344339
344344
344299
344249
344357
344359
344341
344240
344324
344254
344253
344298
344223
344321
344346
344367
344327
344333
344252
344313
344326
344352
344229
344312
344281
344290
344318
344361
344289
344221
344291
344294
344358
344269
344342
344340
344292
344246
344282
344296
344263
344245
344329
344238
344257
344248
344241
344232
344279
344338
344287
344271
344385
344261
344256
344275
344276
344308
344314
344239
344235
344297
344264
344310
344307
344259
344382
344362
344375
344379
344236
344302
344268
344250
344284
344285
344243
344258
344347
344383
344265
344277
344262
344301
344300
344365
344364
344305
344266
344222
344251
344398
344320
344360
344288
344226