344325
344227
344306
344351
344303
344376
344374
344350
344323
344368
344353
344355
344273
344242
344270
344330
344381
344334
344315
344304
344224
344234
344230
344237
344311
344317
344345
344274
344295
344272
344278
344280
344343
344373
344363
344267
344328
344247
344366
344332
344309
344225
344316
344283
344378
344220
344333
344252
344326
344352
344367
344327
344321
344346
344223
344298
344312
344281
344290
344318
344361
344221
344289
344291
344299
344244
344319
344380
344255
344339
344344
344357
344249
344359
344324
344240
344341
344251
344398
344287
344379
344307
344382
344259
344375
344362
344236
344302
344268
344250
344285
344284
344347
344258
344243
344262
344277
344265
344301
344300
344365
344364
344266
344305
344222
344256
344275
344385
344271
344279
344232
344231
344399
344377
344356
344397
344229