344356
344351
344303
344227
344306
344376
344325
344397
344374
344368
344353
344355
344273
344350
344323
344330
344228
344354
344230
344384
344234
344237
344399
344231
344311
344377
344293
344224
344381
344334
344315
344304
344242
344270
344317
344331
344326
344352
344229
344367
344327
344298
344223
344321
344346
344333
344313
344252
344345
344278
344373
344280
344343
344274
344272
344295
344363
344260
344267
344328
344247
344366
344309
344332
344225
344316
344283
344378
344220
344299
344244
344255
344319
344380
344339
344344
344357
344249
344359
344324
344240
344341
344338
344287
344271
344256
344261
344385
344275
344361
344290
344281
344312
344318
344289
344221
344291
344279
344232
344264
344310
344382
344259
344307
344362
344375
344379
344236
344302
344268
344250
344285
344284
344258
344243
344383
344347
344265
344262
344277
344301
344300
344365
344364
344266
344305
344222
344398
344251
344226