3
4
1
2
0
5
115
7
8
9
10
11
12
6
26
28
27
29
30
33
31
32
34
117
36
35
37
38
40
39
41
42
44
43
45
118
65
68
67
66
69
70
64
72
71
73
75
76
79
107
105
106
126
127
128
129
110
109
104
77
78
108
74
120
63
60
119
62
61
59
58
57
56
48
49
162
116
55
54
52
53
51
50
46
47
25
14
158
15
23
113
156
24
112
111
22
21
20
16
17
18
19
157
155
160
163
13
114
149
150
151
152
153
136
138
137
147
148
146
145
142
143
144
141
140
139
130
131
132
133
134
135
80
85
84
83
82
81
86
89
87
88
102
103
101
100
99
98
95
96
97
90
91
94
93
92
124
125
123
122
121