343512
343468
343538
343498
343454
343484
343417
343460
343511
343589
343490
343420
343513
343480
343524
343438
343530
343533
343529
343549
343556
343536
343445
343476
343521
343425
343489
343443
343437
343519
343508
343514
343421
343464
343587
343517
343478
343499
343501
343562
343504
343543
343467
343494
343506
343510
343573
343507
343419
343477
343479
343523
343572
343564
343557
343546
343455
343447
343465
343463
343444
343440
343456
343423
343500
343559
343528
343493
343522
343563
343471
343459
343539
343560
343540
343430
343433
343424
343466
343571
343422
343418
343554
343449
343542
343558
343470
343588
343541
343509
343516
343555
343552
343515
343462
343474
343505
343453
343491
343446
343518
343574
343441
343442
343469
343537
343451
343457
343570
343472
343485
343448
343429
343492
343450
343439
343435
343547
343488
343427
343496
343482
343497
343458
343495
343550
343486
343431
343436
343432
343544