343482
343496
343427
343488
343547
343432
343436
343486
343544
343431
343550
343495
343458
343497
343514
343562
343504
343467
343543
343507
343573
343510
343506
343494
343501
343421
343464
343587
343478
343517
343499
343508
343435
343439
343450
343492
343485
343448
343472
343570
343457
343451
343537
343447
343588
343470
343541
343558
343453
343505
343446
343518
343441
343574
343442
343471
343563
343459
343539
343560
343540
343433
343424
343571
343418
343554
343557
343546
343564
343572
343523
343479
343477
343419
343519
343437
343521
343425
343443
343489
343480
343524
343513
343420
343511
343589
343490
343460
343530
343529
343438
343417
343454
343484
343549
343556
343476
343498
343538
343445
343536