343547
343488
343427
343482
343496
343458
343497
343495
343544
343550
343431
343436
343486
343432
343536
343556
343476
343498
343538
343437
343521
343425
343489
343443
343529
343438
343530
343454
343484
343417
343549
343460
343524
343480
343513
343511
343589
343519
343508
343514
343562
343504
343501
343499
343421
343587
343464
343478
343517
343467
343543
343494
343506
343510
343573
343507
343435
343439
343450
343492
343485
343448
343472
343570
343457
343451
343447
343546
343557
343564
343572
343477
343479
343523
343453
343505
343446
343518
343541
343588
343470
343558
343571
343433
343424
343418
343554
343459
343563
343471
343441
343442
343574
343420
343490